+962787716892
+962787716893
+962787716894
+962787716895
+962787716896
+962787716897
+962787716898
+962787716899
+962787716900
+962787716901
+962787716902
+962787716903
+962787716904
+962787716905
+962787716906
+962787716907
+962787716908
+962787716909
+962787716910
+962787716911
+962787716912
+962787716913
+962787716914
+962787716915
+962787716916
+962787716917
+962787716918
+962787716919
+962787716920
+962787716921
+962787716922
+962787716923
+962787716924
+962787716925
+962787716926
+962787716927
+962787716928
+962787716929
+962787716930
+962787716931
+962787716932
+962787716933
+962787716934
+962787716935
+962787716936
+962787716937
+962787716938
+962787716939
+962787716940
+962787716941
+962787716942
+962787716943
+962787716944
+962787716945
+962787716946
+962787716947
+962787716948
+962787716949
+962787716950
+962787716951
+962787716952
+962787716953
+962787716954
+962787716955
+962787716956
+962787716957
+962787716958
+962787716959
+962787716960
+962787716961
+962787716962
+962787716963
+962787716964
+962787716965
+962787716966
+962787716967
+962787716968
+962787716969
+962787716970
+962787716971
+962787716972
+962787716973
+962787716974
+962787716975
+962787716976
+962787716977
+962787716978
+962787716979
+962787716980
+962787716981
+962787716982
+962787716983
+962787716984
+962787716985
+962787716986
+962787716987
+962787716988
+962787716989
+962787716990
+962787716991
+962787716992
